101 2850
102 2850
103 2849
104 2850
105 2848
106 2848
107 2850
108 2850
109 2850
110 2849
111 2849
112 2850
113 2847
114 2846
115 2847
116 2850
117 2849
118 2850
119 2850
120 2850
121 2850
122 2846
123 2846
124 2847
125 2850
126 2850
127 2850
128 2850
129 2850
130 2850
131 2847
132 2849
133 2849
134 2850
135 2850
136 2850
137 2848
138 2848
139 2843
140 2850
141 2849
142 2846
143 2850
144 2850
145 2848
146 2848
147 2847
148 2847
149 2843
150 2849
151 2846
152 2848
153 2849
154 2849
155 2845
156 2847
157 2833
158 2839
159 2848
160 2850
161 2850
162 2849
163 2841
164 2845
165 2847
166 2846
167 2842
168 2849
169 2850
170 2849
171 2849
172 2841
173 2821
174 2843
175 2849
176 2848
177 2834
178 2834
179 2837
180 2850
181 2839
182 2847
183 2834
184 2842
185 2837
186 2842
187 2839
188 2848
189 2847
190 2847
191 2846
192 2850
193 2836
194 2832
195 2844
196 2847
197 2846
198 2848
199 2848
200 2849
201 2843
202 2826
203 2814
204 2841
205 2830
206 2840
207 2842
208 2849
209 2841
210 2840
211 2808
212 2823
213 2809
214 2840
215 2846
216 2850
217 2847
218 2839
219 2834
220 2845
221 2831
222 2835
223 2833
224 2850
225 2849
226 2847
227 2813
228 2836
229 2812
230 2836
231 2842
232 2843
233 2835
234 2845
235 2829
236 2829
237 2834
238 2841
239 2844
240 2850
241 2845
242 2845
243 2848
244 2846
245 2842
246 2850
247 2849
248 2842
249 2849
250 2849
251 2846
252 2850
253 2844
254 2839
255 2847
256 2850
257 2845
258 2837
259 2842
260 2849
261 2843
262 2844
263 2830
264 2847
265 2846
266 2841
267 2813
268 2822
269 2823
270 2849
271 2835
272 2840
273 2817
274 2819
275 2815
276 2819
277 2739
278 2799
279 2837
280 2846
281 2810
282 2811
283 2771
284 2815
285 2830
286 2831
287 2831
288 2849
289 2849
290 2842
291 2804
292 2807
293 2771
294 2834
295 2809
296 2835
297 2827
298 2805
299 2806
300 2842
301 2787
302 2716
303 2766
304 2826
305 2823
306 2835
307 2786
308 2820
309 2754
310 2819
311 2785
312 2839
313 2794
314 2815
315 2840
316 2833
317 2776
318 2813
319 2837
320 2850
321 2838
322 2830
323 2840
324 2849
325 2841
326 2813
327 2790
328 2834
329 2825
330 2839
331 2794
332 2811
333 2820
334 2814
335 2819
336 2836
337 2785
338 2792
339 2783
340 2832
341 2826
342 2845
343 2847
344 2837
345 2806
346 2778
347 2734
348 2797
349 2768
350 2832
351 2823
352 2841
353 2774
354 2776
355 2776
356 2787
357 2789
358 2757
359 2822
360 2849
361 2844
362 2773
363 2764
364 2832
365 2801
366 2777
367 2723
368 2828
369 2816
370 2818
371 2771
372 2808
373 2685
374 2770
375 2793
376 2804
377 2735
378 2840
379 2779
380 2815
381 2745
382 2696
383 2773
384 2836
385 2826
386 2763
387 2778
388 2759
389 2731
390 2836
391 2802
392 2826
393 2767
394 2736
395 2783
396 2846
397 2771
398 2702
399 2828
400 2849
401 2812
402 2783
403 2720
404 2789
405 2832
406 2809
407 2764
408 2824
409 2758
410 2802
411 2694
412 2726
413 2710
414 2799
415 2738
416 2810
417 2629
418 2654
419 2650
420 2819
421 2653
422 2692
423 2720
424 2796
425 2754
426 2758
427 2696
428 2681
429 2722
430 2801
431 2799
432 2848
433 2768
434 2793
435 2750
436 2759
437 2695
438 2751
439 2721
440 2843
441 2846
442 2807
443 2656
444 2802
445 2743
446 2713
447 2734
448 2836
449 2803
450 2846
451 2749
452 2700
453 2581
454 2684
455 2788
456 2805
457 2557
458 2626
459 2690
460 2747
461 2544
462 2774
463 2566
464 2757
465 2641
466 2510
467 2529
468 2806
469 2659
470 2747
471 2620
472 2758
473 2679
474 2717
475 2667
476 2816
477 2724
478 2689
479 2772
480 2843
481 2801
482 2764
483 2746
484 2835
485 2788
486 2843
487 2782
488 2821
489 2758
490 2835
491 2759
492 2831
493 2726
494 2805
495 2793
496 2833
497 2794
498 2812
499 2791
500 2837
501 2792
502 2799
503 2807
504 2850
505 2836
506 2834
507 2820
508 2784
509 2799
510 2846
511 2844
512 2850
513 2840
514 2810
515 2803
516 2814
517 2821
518 2831
519 2817
520 2843
521 2810
522 2823
523 2724
524 2769
525 2786
526 2712
527 2712
528 2817
529 2827
530 2792
531 2701
532 2770
533 2638
534 2705
535 2605
536 2749
537 2649
538 2587
539 2787
540 2836
541 2647
542 2576
543 2544
544 2756
545 2688
546 2764
547 2589
548 2700
549 2656
550 2743
551 2532
552 2761
553 2640
554 2527
555 2575
556 2524
557 2504
558 2740
559 2673
560 2835
561 2772
562 2626
563 2475
564 2686
565 2618
566 2750
567 2792
568 2759
569 2670
570 2785
571 2658
572 2728
573 2583
574 2779
575 2805
576 2850
577 2799
578 2621
579 2630
580 2794
581 2722
582 2695
583 2660
584 2742
585 2806
586 2733
587 2515
588 2790
589 2641
590 2680
591 2607
592 2718
593 2675
594 2793
595 2702
596 2554
597 2505
598 2582
599 2678
600 2841
601 2716
602 2681
603 2637
604 2596
605 2661
606 2627
607 2558
608 2732
609 2728
610 2726
611 2626
612 2791
613 2585
614 2556
615 2744
616 2809
617 2722
618 2748
619 2683
620 2763
621 2741
622 2717
623 2802
624 2839
625 2840
626 2785
627 2768
628 2690
629 2777
630 2844
631 2808
632 2792
633 2788
634 2750
635 2705
636 2756
637 2791
638 2767
639 2831
640 2846
641 2795
642 2754
643 2692
644 2764
645 2766
646 2724
647 2780
648 2843
649 2808
650 2803
651 2739
652 2623
653 2591
654 2674
655 2722
656 2781
657 2689
658 2678
659 2507
660 2791
661 2488
662 2393
663 2514
664 2671
665 2788
666 2758
667 2520
668 2485
669 2487
670 2699
671 2637
672 2805
673 2597
674 2630
675 2776
676 2819
677 2497
678 2594
679 2680
680 2807
681 2714
682 2597
683 2599
684 2791
685 2696
686 2778
687 2525
688 2704
689 2689
690 2698
691 2429
692 2569
693 2746
694 2646
695 2538
696 2726
697 2600
698 2437
699 2545
700 2811
701 2587
702 2740
703 2545
704 2825
705 2695
706 2597
707 2525
708 2657
709 2547
710 2660
711 2630
712 2648
713 2670
714 2770
715 2759
716 2649
717 2569
718 2642
719 2770
720 2848
721 2832
722 2766
723 2739
724 2742
725 2758
726 2782
727 2796
728 2846
729 2850
730 2841
731 2786
732 2704
733 2723
734 2756
735 2801
736 2812
737 2759
738 2788
739 2699
740 2720
741 2691
742 2618
743 2596
744 2785
745 2670
746 2493
747 2582
748 2620
749 2661
750 2770
751 2474
752 2641
753 2504
754 2548
755 2555
756 2820
757 2502
758 2470
759 2658
760 2757
761 2628
762 2599
763 2573
764 2651
765 2724
766 2474
767 2642
768 2834
769 2736
770 2745
771 2584
772 2464
773 2471
774 2783
775 2628
776 2630
777 2650
778 2603
779 2561
780 2794
781 2601
782 2521
783 2739
784 2841
785 2658
786 2538
787 2300
788 2362
789 2527
790 2619
791 2537
792 2797
793 2650
794 2467
795 2483
796 2370
797 2291
798 2658
799 2618
800 2809
801 2670
802 2421
803 2459
804 2637
805 2497
806 2466
807 2345
808 2644
809 2558
810 2820
811 2461
812 2586
813 2246
814 2448
815 2333
816 2710
817 2370
818 2448
819 2765
820 2739
821 2396
822 2438
823 2071
824 2492
825 2520
826 2436
827 2071
828 2656
829 2310
830 2415
831 2273
832 2727
833 2562
834 2372
835 2210
836 2451
837 2425
838 2156
839 2277
840 2822
841 2778
842 2236
843 1993
844 2284
845 2464
846 2573
847 2517
848 2517
849 2316
850 2583
851 2085
852 2433
853 2021
854 2537
855 2594
856 2587
857 2286
858 2508
859 2235
860 2617
861 2388
862 2277
863 2456
864 2840
865 2598
866 2275
867 2341
868 2652
869 2412
870 2599
871 2326
872 2579
873 2440
874 2453
875 2590
876 2573
877 1990
878 2023
879 2200
880 2738
881 2439
882 2755
883 2175
884 2475
885 2233
886 2126
887 2136
888 2605
889 2478
890 2614
891 2712
892 2549
893 2265
894 2466
895 2477
896 2804
897 2561
898 2327
899 2596
900 2839
901 2580
902 2436
903 2501
904 2601
905 2302
906 2336
907 2064
908 2353
909 2397
910 2671
911 2025
912 2578
913 2022
914 1883
915 2088
916 2182
917 2107
918 2488
919 2127
920 2479
921 1915
922 1747
923 1942
924 2639
925 2140
926 1844
927 2130
928 2535
929 1902
930 2455
931 2218
932 2086
933 1843
934 2087
935 2319
936 2758
937 2325
938 2433
939 2094
940 2433
941 1766
942 2172
943 2365
944 2644
945 2629
946 2311
947 1824
948 2386
949 2111
950 2363
951 2329
952 2679
953 2319
954 2598
955 2250
956 2205
957 2262
958 2255
959 2542
960 2830
961 2805
962 2509
963 2506
964 2566
965 2450
966 2588
967 2439
968 2744
969 2547
970 2627
971 2610
972 2831
973 2662
974 2434
975 2653
976 2704
977 2307
978 2393
979 2530
980 2778
981 2538
982 2476
983 2278
984 2732
985 2554
986 2427
987 2440
988 2643
989 2397
990 2684
991 2529
992 2721
993 2608
994 2711
995 2479
996 2649
997 2395
998 2575
999 2773
